1|20201212|Coca-cola|3.0|1
2|20201111|Pepsi|3.0|2
3|20200909|Staropramen|4.0|2
4|20201212|Argo|2.0|3
5|20210405|Sprite|2.5|1
6|20210228|Fanta|2.8|2
7|20210115|Mountain Dew|3.2|3
8|20210320|Dr Pepper|3.5|1
9|20201201|Red Bull|4.0|2
10|20201018|Monster Energy|3.8|5
11|20201129|7UP|2.3|1
12|20210310|Rockstar|3.7|2
13|20210122|Diet Coke|2.6|3
14|20201005|Pibb Xtra|2.9|1
15|20201230|Canada Dry|50|2
16|20210215|Sunkist|2.4|3
17|20210105|A&W Root Beer|3.6|6
18|20201115|Schweppes|2.7|2
19|20200927|Brisk|3.1|3
20|20201205|Lipton Iced Tea|2.2|1
21|20210128|Gatorade|3.9|2
22|20210325|Snapple|3.4|3
23|20201010|Vitaminwater|2.1|1
24|20201122|Hawaiian Punch|3.2|2
25|20201218|Arizona Iced Tea|2.5|3
26|20210208|Perrier|3.8|1
27|20210401|Tropicana|3.0|2
28|20210110|Evian|2.6|3
29|20210315|Ocean Spray|3.5|1
30|20201025|Minute Maid|2.9|5
31|20201115|San Pellegrino|3.3|3
32|20201220|Powerade|2.4|1
33|20210201|Brisk Raspberry Tea|3.6|2
34|20210118|Arizona Arnold Palmer|2.2|3
35|20200913|Celsius|3.9|1
36|20201128|Voss|2.7|2
37|20201007|Mountain Dew Code Red|3.1|3
38|20201215|Fuze|2.8|1
39|20210305|AMP Energy|3.4|2
40|20210130|Propel|2.3|5
41|20201210|IZZE|3.7|1
42|20201020|Alo Drink|2.5|2
43|20210103|BodyArmor|3.2|4
44|20210410|Kombucha|2.6|1
45|20210301|Hint Water|3.0|2
46|20201225|Xyience|2.9|3
47|20200920|Core Power|3.5|1
48|20201030|Perrier Strawberry|50|4
49|20201111|Bai|3.8|4
50|20201208|Harmless Harvest|2.4|4
